%YAML:1.0
---
image_width: 1600
image_height: 1200
camera_name: leftCamera
camera_matrix: !!opencv-matrix
   rows: 3
   cols: 3
   dt: d
   data: [ 2.3477876209559477e+03, 0., 800, 0.,
       2.3470335015276310e+03, 600, 0., 0., 1. ]
distortion_model: plumb_bob
distortion_coefficients: !!opencv-matrix
   rows: 1
   cols: 5
   dt: d
   data: [ 0, 0, 0, 0, 0 ]
rectification_matrix: !!opencv-matrix
   rows: 3
   cols: 3
   dt: d
   data: [ 1, 0, 0,
           0, 1, 0,
           0, 0, 1 ]
projection_matrix: !!opencv-matrix
   rows: 3
   cols: 4
   dt: d
   data: [ 2.3449480597082306e+03, 0., 800, 0., 0.,
       2.3449480597082306e+03, 600, 0., 0., 0., 1.,
       0. ]
