image_width: 1920
image_height: 1200
camera_name: i3dr_titania_l
camera_matrix:
   rows: 3
   cols: 3
   data: [ 1.7440293028664253e+03, 0., 9.8403769198803968e+02,
           0., 1.7436652966795959e+03, 5.8945184452165665e+02, 
           0., 0., 1. ]
distortion_model: plumb_bob
distortion_coefficients:
   rows: 1
   cols: 5
   data: [ -5.0229568701396166e-01, 3.3420260091307297e-01, -1.0442872643757178e-04, -2.0678475191805416e-04, -1.7970918953877590e-01 ]
rectification_matrix:
   rows: 3
   cols: 3
   data: [ 9.9997496878672476e-01, 6.6511949271218940e-03, 2.4131734356119326e-03,
           -6.6399107052233525e-03, 9.9996712375239705e-01, -4.6543528212586024e-03,
           -2.4440511073983216e-03, 4.6382130610317816e-03, 9.9998625670245345e-01 ]
projection_matrix:
   rows: 3
   cols: 4
   data: [ 1.7443604122893394e+03, 0., 1.0194550781250000e+03, 0.,
           0., 1.7443604122893394e+03, 6.0387788391113281e+02, 0.,
           0., 0., 1., 0. ]
