image_width: 1920
image_height: 1200
camera_name: i3dr_titania_r
camera_matrix:
   rows: 3
   cols: 3
   data: [ 1.7451894335944987e+03, 0., 9.4200803451171817e+02, 0.,
       1.7450555278990826e+03, 6.1327064966149771e+02, 0., 0., 1. ]
distortion_model: plumb_bob
distortion_coefficients:
   rows: 1
   cols: 5
   data: [ -5.0940829730707105e-01, 3.6854842999122378e-01,
       4.0073909446524932e-04, 7.9815101629418457e-05,
       -2.1309995735506818e-01 ]
rectification_matrix:
   rows: 3
   cols: 3
   data: [ 9.9996750214967745e-01, 2.0490468720667119e-03,
       7.7971822763766262e-03, -2.0852531900017661e-03,
       9.9998706923318859e-01, 4.6382200844382578e-03,
       -7.7875775224748259e-03, -4.6543284514710447e-03,
       9.9995884458461459e-01 ]
projection_matrix:
   rows: 3
   cols: 4
   data: [ 1.7443604122893394e+03, 0., 8.8865371704101563e+02,
       -1.5437406553262906e+02, 0., 1.7443604122893394e+03,
       6.0387788391113281e+02, 0., 0., 0., 1., 0. ]
