image_width: 1920
image_height: 1200
camera_name: i3dr_titania_l
camera_matrix:
  rows: 3
  cols: 3
  data: [1743.415409007315, 0, 967.9353982005556, 0, 1750.715535685256, 584.4092422852142, 0, 0, 1]
distortion_model: plumb_bob
distortion_coefficients:
  rows: 1
  cols: 5
  data: [-0.4923284372761977, 0.2411314704038268, 0.0006506372905092862, 0.0003065255224921452, 0]
rectification_matrix:
  rows: 3
  cols: 3
  data: [0.9999384366325048, -0.006006607435631926, -0.009329716611776827, 0.006026991897390467, 0.999979508303744, 0.002158319084543396, 0.009316561254596145, -0.002214416337576536, 0.9999541479721324]
projection_matrix:
  rows: 3
  cols: 4
  data: [1700.496451348662, 0, 970.8396377563477, 0, 0, 1700.496451348662, 597.9986267089844, 0, 0, 0, 1, 0]