image_width: 1920
image_height: 1200
camera_name: i3dr_titania_l
camera_matrix:
  rows: 3
  cols: 3
  data: [1734.918721899318, 0, 966.3630814285839, 0, 1739.753130026452, 594.0360003342688, 0, 0, 1]
distortion_model: plumb_bob
distortion_coefficients:
  rows: 1
  cols: 5
  data: [-0.4773294891553221, 0.2111662785304191, -0.0004890695296011835, 0.001136804354381309, 0]
rectification_matrix:
  rows: 3
  cols: 3
  data: [0.9999489953494796, -0.008555363945100453, -0.005367722732537807, 0.008568084450131328, 0.9999605288548787, 0.002351310512594454, 0.005347394545191631, -0.002397181686500769, 0.9999828292983535]
projection_matrix:
  rows: 3
  cols: 4
  data: [1696.197122358828, 0, 967.9947204589844, 0, 0, 1696.197122358828, 605.7612609863281, 0, 0, 0, 1, 0]