image_width: 1920
image_height: 1200
camera_name: i3dr_titania_r
camera_matrix:
  rows: 3
  cols: 3
  data: [1737.935491759021, 0, 944.4666524888697, 0, 1743.685696817599, 620.0428833166842, 0, 0, 1]
distortion_model: plumb_bob
distortion_coefficients:
  rows: 1
  cols: 5
  data: [-0.4778877519718002, 0.2165804013823322, -0.001501700032420995, 0.0002361046609427693, 0]
rectification_matrix:
  rows: 3
  cols: 3
  data: [0.9999864322823332, -0.0004721349349764177, -0.005187710463581187, 0.0004598165040382255, 0.9999970728343013, -0.002375477133510795, 0.005188816824034989, 0.002373059508818395, 0.9999837222517846]
projection_matrix:
  rows: 3
  cols: 4
  data: [1696.197122358828, 0, 967.9947204589844, -152.0760053694095, 0, 1696.197122358828, 605.7612609863281, 0, 0, 0, 1, 0]