image_width: 1920
image_height: 1200
camera_name: i3dr_titania_r
camera_matrix:
  rows: 3
  cols: 3
  data: [1747.355812600654, 0, 934.4908676571159, 0, 1755.796663868026, 610.9895510018314, 0, 0, 1]
distortion_model: plumb_bob
distortion_coefficients:
  rows: 1
  cols: 5
  data: [-0.4921510095199206, 0.2347991078061226, -0.0002531237215667417, 0.0001837946378989841, 0]
rectification_matrix:
  rows: 3
  cols: 3
  data: [0.999930371071189, 0.003211969910129336, -0.01135501029196845, -0.003236789274821504, 0.9999924113226119, -0.002168061894493218, 0.01134796037289016, 0.002204664710194455, 0.9999331793919487]
projection_matrix:
  rows: 3
  cols: 4
  data: [1700.496451348662, 0, 970.8396377563477, -152.4093970867998, 0, 1700.496451348662, 597.9986267089844, 0, 0, 0, 1, 0]