image_width: 1920
image_height: 1200
camera_name: leftCamera
camera_matrix:
   rows: 3
   cols: 3
   data: [ 1.7415496993869185e+03, 0., 9.8162581045620539e+02, 0.,
       1.7418495034428897e+03, 5.8496085955102512e+02, 0., 0., 1. ]
distortion_model: plumb_bob
distortion_coefficients:
   rows: 1
   cols: 5
   data: [ -4.7882060247178604e-01, 2.5139188468607393e-01,
       3.2449874890354806e-04, -2.0314351454975825e-04,
       -8.6811171735405257e-02 ]
rectification_matrix:
   rows: 3
   cols: 3
   data: [ 9.9998416692121506e-01, 5.5583070161579744e-03,
       8.7814007857447886e-04, -5.5542996337260512e-03,
       9.9997444119623224e-01, -4.5018562684601944e-03,
       -9.0314033364728729e-04, 4.4969075370984322e-03,
       9.9998948102474583e-01 ]
projection_matrix:
   rows: 3
   cols: 4
   data: [ 1.7428973008140210e+03, 0., 1.0047485961914063e+03, 0., 0.,
       1.7428973008140210e+03, 5.9796552276611328e+02, 0., 0., 0., 1.,
       0. ]
