image_width: 1920
image_height: 1200
camera_name: rightCamera
camera_matrix:
   rows: 3
   cols: 3
   data: [ 1.7436898912311215e+03, 0., 9.3389887088746593e+02, 0.,
       1.7439450981851526e+03, 6.0724703917156808e+02, 0., 0., 1. ]
distortion_model: plumb_bob
distortion_coefficients:
   rows: 1
   cols: 5
   data: [ -4.8507781979967052e-01, 2.8906939343283866e-01,
       1.1323345017083459e-03, 1.1691653057947227e-03,
       -1.4934613078160650e-01 ]
rectification_matrix:
   rows: 3
   cols: 3
   data: [ 9.9999774453978962e-01, 1.6469701358469626e-03,
       1.3410461234246267e-03, -1.6529873705646203e-03,
       9.9998851642651398e-01, 4.4982938823831748e-03,
       -1.3336221677364122e-03, -4.5005004689656720e-03,
       9.9998898341303866e-01 ]
projection_matrix:
   rows: 3
   cols: 4
   data: [ 1.7428973008140210e+03, 0., 8.9594741821289063e+02,
       -1.5460995543853087e+02, 0., 1.7428973008140210e+03,
       5.9796552276611328e+02, 0., 0., 0., 1., 0. ]
